image_width: 480
image_height: 368
camera_name: camerav2_480x368
camera_matrix:
  rows: 3
  cols: 3
  data: [265.47402,   0.     , 239.50077,
           0.     , 265.80086, 182.71501,
           0.     ,   0.     ,   1.     ]
distortion_model: plumb_bob
distortion_coefficients:
  rows: 1
  cols: 5
  data: [-0.305335, 0.064408, 0.001141, 0.000116, 0.000000]
rectification_matrix:
  rows: 3
  cols: 3
  data: [1., 0., 0.,
         0., 1., 0.,
         0., 0., 1.]
projection_matrix:
  rows: 3
  cols: 4
  data: [177.526  ,   0.     , 239.31221,   0.     ,
           0.     , 215.57352, 182.48502,   0.     ,
           0.     ,   0.     ,   1.     ,   0.     ]